Sample	localityID	Depth	Month	Year	Alopias_vulpinus	Galeorhinus_galeus	Lamna_nasus	Leucoraja_naevus	Mustelus_asterias	Raja_brachyura	Raja_clavata	Raja_microocellata	Raja_montagui	Raja_undulata	Scyliorhinus_canicula	Scyliorhinus_stellaris	Squalus_acanthias
MBA-2017.02.08-L4-01	L4	1	2	2017	0	0	0	0	0	329	3	142451	82609	0	0	0	0
MBA-2017.02.08-L4-01	L4	1	2	2017	0	0	0	0	0	202	0	3278	84875	0	0	0	0
MBA-2017.02.08-L4-01	L4	1	2	2017	0	0	0	0	0	0	0	1270	8	0	0	0	0
MBA-2017.02.08-L4-02	L4	2	2	2017	0	0	0	0	0	2	197	10278	398	0	0	0	0
MBA-2017.02.08-L4-02	L4	2	2	2017	0	0	0	0	0	21	0	20207	16037	0	0	0	0
MBA-2017.02.08-L4-02	L4	2	2	2017	0	0	0	0	188	55	9531	70752	26697	0	83	0	0
MBA-2017.02.16-E1-01	E1	1	2	2017	0	0	0	0	0	12	6	15790	252	0	59	0	0
MBA-2017.02.16-E1-01	E1	1	2	2017	0	0	0	0	0	0	0	0	0	0	0	0	0
MBA-2017.02.16-E1-01	E1	1	2	2017	0	0	0	0	0	0	0	0	0	0	0	0	0
MBA-2017.02.16-E1-02	E1	2	2	2017	0	0	0	0	11	0	610	0	557	0	1286	0	0
MBA-2017.02.16-E1-02	E1	2	2	2017	0	0	0	0	0	2	0	232	33	0	4	0	0
MBA-2017.02.16-E1-02	E1	2	2	2017	0	0	0	0	0	0	2	369	4	0	0	0	0
MBA-2017.02.16-L5-01	L5	1	2	2017	0	0	0	0	0	0	0	0	2	0	0	0	0
MBA-2017.02.16-L5-01	L5	1	2	2017	0	0	0	0	0	0	0	0	0	0	0	0	0
MBA-2017.02.16-L5-02	L5	2	2	2017	0	0	0	0	9147	0	0	0	0	0	0	0	0
MBA-2017.02.16-L5-02	L5	2	2	2017	0	0	0	0	1	0	2	0	0	0	4	0	0
MBA-2017.02.16-L5-02	L5	2	2	2017	0	0	0	0	0	0	0	0	0	0	0	0	0
MBA-2017.03.09-L4-01	L4	1	3	2017	0	0	0	0	33397	3223	27	2001	245512	0	197486	1462	0
MBA-2017.03.09-L4-01	L4	1	3	2017	0	0	0	0	67	2019	2	93207	1045703	0	213096	0	1
MBA-2017.03.09-L4-01	L4	1	3	2017	0	0	0	92389	222611	114899	18	539679	917439	0	645282	193981	0
MBA-2017.03.09-L4-02	L4	2	3	2017	0	0	0	0	452223	2598	12	229845	1161985	0	54513	29820	0
MBA-2017.03.09-L4-02	L4	2	3	2017	0	0	0	0	13	17	2	278064	61290	0	173746	5863	0
MBA-2017.03.09-L4-02	L4	2	3	2017	0	0	0	0	0	411	4	270223	88037	0	16283	0	0
MBA-2017.03.15-L4-01	L4	1	3	2017	0	0	0	0	331748	1230276	3087	47571	1522881	33880	281072	0	2
MBA-2017.03.15-L4-01	L4	1	3	2017	0	0	0	0	401367	1296481	32732	69139	1078273	1	336379	0	0
MBA-2017.03.15-L4-01	L4	1	3	2017	0	0	0	0	164874	772339	23673	56848	1133534	2	314795	0	0
MBA-2017.03.15-L4-02	L4	2	3	2017	0	0	0	0	77062	258074	17906	28093	189847	0	108701	0	0
MBA-2017.03.15-L4-02	L4	2	3	2017	0	0	0	0	248891	238725	75772	15644	331297	0	353483	27573	0
MBA-2017.03.15-L4-02	L4	2	3	2017	0	0	0	0	36537	297805	13350	39504	229410	0	64627	0	0
MBA-2017.04.05-L4-01	L4	1	4	2017	0	0	0	0	4735	0	11	0	0	0	0	0	0
MBA-2017.04.05-L4-01	L4	1	4	2017	0	0	0	0	0	23	9	2	7034	0	6	0	0
MBA-2017.04.05-L4-01	L4	1	4	2017	0	0	0	0	0	1616	4	202	624542	0	0	0	0
MBA-2017.04.05-L4-02	L4	2	4	2017	0	0	0	0	0	0	1	0	0	0	4	0	0
MBA-2017.04.05-L4-02	L4	2	4	2017	0	0	0	0	0	7776	6	234	593406	0	1	0	0
MBA-2017.04.05-L4-02	L4	2	4	2017	0	0	0	0	0	176	49	70518	1230	0	0	0	0
MBA-2017.04.10-E1-01	E1	1	4	2017	0	0	0	0	17	0	0	0	3	0	3	0	15
MBA-2017.04.10-E1-01	E1	1	4	2017	0	0	0	0	8	0	0	0	0	0	0	0	0
MBA-2017.04.10-E1-01	E1	1	4	2017	0	0	0	0	28	1	0	0	7	0	1	0	26
MBA-2017.04.10-E1-02	E1	2	4	2017	0	0	0	0	0	0	0	0	0	0	0	0	0
MBA-2017.04.10-E1-02	E1	2	4	2017	0	0	0	0	53	238	1	6	304	7	65	0	1
MBA-2017.04.10-E1-02	E1	2	4	2017	0	0	0	0	89	0	0	22	1	0	0	0	107
MBA-2017.04.10-L5-01	L5	1	4	2017	0	0	0	0	245692	1136	11	148	324767	0	72	247	0
MBA-2017.04.10-L5-01	L5	1	4	2017	0	0	0	0	14	59	4	8	49	0	17	0	0
MBA-2017.04.10-L5-01	L5	1	4	2017	0	0	0	0	41	3219	5	13	278	0	10272	0	0
MBA-2017.04.10-L5-02	L5	2	4	2017	0	0	0	0	22	42	3	8	331	0	242	0	0
MBA-2017.04.10-L5-02	L5	2	4	2017	0	0	0	0	57	59	15	3	77	0	74	11	0
MBA-2017.04.10-L5-02	L5	2	4	2017	0	0	0	0	0	284	58	17760	126888	0	37466	0	0
MBA-2017.05.18-L4-01	L4	1	5	2017	0	0	0	0	0	20	12	0	2	0	26	16604	0
MBA-2017.05.18-L4-01	L4	1	5	2017	0	0	0	0	0	0	12	0	0	0	0	0	0
MBA-2017.05.18-L4-01	L4	1	5	2017	0	0	0	0	0	29	0	4	12053	0	5805	0	0
MBA-2017.05.18-L4-02	L4	2	5	2017	0	0	0	0	16534	8	0	1	5919	0	451	0	0
MBA-2017.05.18-L4-02	L4	2	5	2017	0	0	0	0	0	0	0	0	0	0	1	0	0
MBA-2017.05.18-L4-02	L4	2	5	2017	0	0	0	0	0	9	0	0	8	0	0	74	0
MBA-2017.05.31-E1-01	E1	1	5	2017	0	0	0	0	0	0	0	0	135	0	12	0	0
MBA-2017.05.31-E1-01	E1	1	5	2017	0	0	0	0	0	0	0	0	1	0	0	0	0
MBA-2017.05.31-E1-01	E1	1	5	2017	0	0	0	0	0	0	0	0	15	0	0	0	0
MBA-2017.05.31-E1-02	E1	2	5	2017	0	0	0	0	5	1	9	2	46	0	0	0	0
MBA-2017.05.31-E1-02	E1	2	5	2017	0	0	0	0	0	1	0	0	1	0	0	0	0
MBA-2017.05.31-E1-02	E1	2	5	2017	0	0	0	0	0	0	0	0	1	0	88	0	0
MBA-2017.05.31-L5-01	L5	1	5	2017	0	0	0	0	612	51312	0	25	2093	0	43145	0	0
MBA-2017.05.31-L5-01	L5	1	5	2017	0	0	0	0	0	12	0	0	3428	0	1712	0	0
MBA-2017.05.31-L5-01	L5	1	5	2017	0	0	0	0	0	0	0	0	0	0	4	0	0
MBA-2017.05.31-L5-02	L5	2	5	2017	0	1	0	0	0	582	0	50	2343	0	1489	0	0
MBA-2017.05.31-L5-02	L5	2	5	2017	0	0	0	0	7	74	12	4	662	0	14	12	9
MBA-2017.05.31-L5-02	L5	2	5	2017	0	0	0	0	4	0	0	0	24	0	23	0	0
MBA-2017.06.13-E1-01	E1	1	6	2017	0	0	0	0	0	4	55562	44	2	0	172168	0	0
MBA-2017.06.13-E1-01	E1	1	6	2017	0	0	0	0	0	183	2	19	58100	0	79693	0	0
MBA-2017.06.13-E1-01	E1	1	6	2017	0	0	0	0	0	0	1	0	0	0	5	0	0
MBA-2017.06.13-E1-02	E1	2	6	2017	0	0	0	0	0	0	2	0	0	0	3	0	3
MBA-2017.06.13-E1-02	E1	2	6	2017	0	0	0	0	0	1	3	0	0	0	0	0	0
MBA-2017.06.13-E1-02	E1	2	6	2017	0	0	0	0	0	0	0	0	0	0	11	0	0
MBA-2017.06.13-L5-01	L5	1	6	2017	0	0	0	0	0	0	0	0	0	0	542544	0	0
MBA-2017.06.13-L5-01	L5	1	6	2017	0	0	0	0	0	3	0	0	0	0	224	0	0
MBA-2017.06.13-L5-01	L5	1	6	2017	0	0	0	0	0	8	0	0	2	0	7309	0	0
MBA-2017.06.13-L5-02	L5	2	6	2017	0	0	0	0	0	0	0	0	7	0	0	0	0
MBA-2017.06.13-L5-02	L5	2	6	2017	0	0	0	0	0	0	0	0	0	0	0	0	0
MBA-2017.06.13-L5-02	L5	2	6	2017	0	0	0	0	0	0	0	0	0	0	4	0	0
MBA-2017.06.15-L4-01	L4	1	6	2017	0	0	0	0	14842	599514	23	41352	161860	0	130450	2	0
MBA-2017.06.15-L4-01	L4	1	6	2017	0	0	0	0	76178	1109729	39848	68413	722087	2	143725	0	0
MBA-2017.06.15-L4-01	L4	1	6	2017	0	0	0	0	2	17	1	1	5	0	2	0	0
MBA-2017.06.15-L4-02	L4	2	6	2017	0	0	0	0	0	343434	1	837	84625	1	41145	1	0
MBA-2017.06.15-L4-02	L4	2	6	2017	0	0	0	0	0	18858	79	1	3434	0	1619	0	0
MBA-2017.06.15-L4-02	L4	2	6	2017	0	0	0	0	0	4555	0	85	3953	0	2369	0	0
MBA-2017.06.28-L4-01	L4	1	6	2017	0	0	0	0	0	0	19	0	0	0	66884	0	2
MBA-2017.06.28-L4-01	L4	1	6	2017	0	0	0	0	0	0	32072	1	1	0	0	0	0
MBA-2017.06.28-L4-01	L4	1	6	2017	0	0	0	0	0	19	36793	0	15	0	0	0	0
MBA-2017.06.28-L4-02	L4	2	6	2017	0	0	0	0	13531	47398	0	0	783	0	22	0	0
MBA-2017.06.28-L4-02	L4	2	6	2017	0	0	0	0	0	0	0	0	0	0	175467	0	0
MBA-2017.06.28-L4-02	L4	2	6	2017	0	0	0	0	0	101427	0	13	15305	0	135	0	0
MBA-2017.07.13-E1-01	E1	1	7	2017	0	0	0	0	0	0	0	0	0	0	57	0	0
MBA-2017.07.13-E1-01	E1	1	7	2017	0	0	0	0	0	0	0	0	0	0	1062	0	0
MBA-2017.07.13-E1-01	E1	1	7	2017	0	0	0	0	0	44	18631	2	5692	0	17529	0	0
MBA-2017.07.13-E1-02	E1	2	7	2017	0	0	0	0	0	0	0	0	0	0	0	0	0
MBA-2017.07.13-E1-02	E1	2	7	2017	0	0	0	0	0	0	0	0	0	0	0	0	0
MBA-2017.07.13-E1-02	E1	2	7	2017	0	0	0	0	0	0	0	0	0	0	0	0	0
MBA-2017.07.13-L5-01	L5	1	7	2017	0	0	0	0	0	0	0	0	0	0	0	0	0
MBA-2017.07.13-L5-01	L5	1	7	2017	0	0	0	0	0	0	0	0	0	0	0	0	0
MBA-2017.07.13-L5-01	L5	1	7	2017	0	0	0	0	0	0	0	0	0	0	0	0	0
MBA-2017.07.13-L5-02	L5	2	7	2017	0	0	0	0	0	0	0	0	0	0	0	0	0
MBA-2017.07.13-L5-02	L5	2	7	2017	0	0	0	0	0	0	0	0	0	0	0	0	0
MBA-2017.07.13-L5-02	L5	2	7	2017	0	0	0	0	0	0	0	0	0	0	0	0	0
MBA-2017.07.17-L4-01	L4	1	7	2017	0	0	0	0	0	0	0	0	0	0	36200	0	0
MBA-2017.07.17-L4-01	L4	1	7	2017	0	0	0	0	0	49423	14	2	817	0	0	0	0
MBA-2017.07.17-L4-01	L4	1	7	2017	0	0	0	0	0	0	8	0	0	0	29704	0	0
MBA-2017.07.17-L4-02	L4	2	7	2017	0	0	4	0	4	538	61	75	171147	0	2	306650	0
MBA-2017.07.17-L4-02	L4	2	7	2017	0	0	0	0	0	15674	10	0	223	0	9	0	0
MBA-2017.07.17-L4-02	L4	2	7	2017	0	0	0	0	0	0	2	0	0	0	0	0	0
MBA-2017.08.08-L4-01	L4	1	8	2017	0	0	0	0	0	422	0	0	17	0	3	0	0
MBA-2017.08.08-L4-01	L4	1	8	2017	0	0	0	0	0	0	0	0	1	0	0	0	0
MBA-2017.08.08-L4-01	L4	1	8	2017	0	0	0	0	0	0	0	0	0	0	0	0	0
MBA-2017.08.08-L4-02	L4	2	8	2017	0	0	0	0	0	0	0	0	4	0	0	0	0
MBA-2017.08.08-L4-02	L4	2	8	2017	0	0	0	0	0	0	0	0	6	0	0	0	0
MBA-2017.08.08-L4-02	L4	2	8	2017	0	0	0	0	0	0	0	0	1	0	0	0	0
MBA-2017.08.24-E1-01	E1	1	8	2017	0	0	0	0	0	0	0	0	0	0	0	0	0
MBA-2017.08.24-E1-01	E1	1	8	2017	0	0	0	0	0	370	0	0	1	0	0	0	0
MBA-2017.08.24-E1-01	E1	1	8	2017	0	0	0	0	0	0	0	0	0	0	40	0	0
MBA-2017.08.24-E1-02	E1	2	8	2017	0	0	0	0	0	0	0	0	0	0	0	0	0
MBA-2017.08.24-E1-02	E1	2	8	2017	0	0	0	0	0	3	0	0	0	0	1	0	0
MBA-2017.08.24-E1-02	E1	2	8	2017	0	0	0	0	0	0	0	0	0	0	0	0	0
MBA-2017.08.24-L5-01	L5	1	8	2017	0	0	0	0	0	0	0	0	0	0	0	0	0
MBA-2017.08.24-L5-01	L5	1	8	2017	0	0	0	0	0	6	0	0	0	0	0	0	0
MBA-2017.08.24-L5-01	L5	1	8	2017	0	0	0	0	0	0	0	0	0	0	0	0	0
MBA-2017.08.24-L5-02	L5	2	8	2017	0	0	0	0	1	0	0	0	0	0	1	0	0
MBA-2017.08.24-L5-02	L5	2	8	2017	0	0	23	0	0	196	23	0	13	0	3	0	0
MBA-2017.08.24-L5-02	L5	2	8	2017	0	0	0	0	2	47909	51	8	668	0	6	1	0
MBA-2017.08.30-L4-01	L4	1	8	2017	0	0	0	0	0	0	0	0	12	0	0	0	0
MBA-2017.08.30-L4-01	L4	1	8	2017	0	0	0	0	0	0	0	0	0	0	22415	0	0
MBA-2017.08.30-L4-01	L4	1	8	2017	0	0	0	0	0	0	0	0	0	0	2	0	0
MBA-2017.08.30-L4-02	L4	2	8	2017	0	0	0	0	0	0	0	0	2	0	0	0	0
MBA-2017.08.30-L4-02	L4	2	8	2017	0	0	0	0	0	0	0	0	0	0	49	0	0
MBA-2017.08.30-L4-02	L4	2	8	2017	0	0	0	0	0	0	0	0	0	0	0	0	0
MBA-2017.09.26-E1-01	E1	1	9	2017	0	0	0	0	0	3	39093	0	0	0	2363	0	0
MBA-2017.09.26-E1-01	E1	1	9	2017	0	0	0	0	0	204	0	0	348	0	2180	0	1085
MBA-2017.09.26-E1-01	E1	1	9	2017	0	0	0	0	0	0	0	0	0	0	0	0	0
MBA-2017.09.26-E1-02	E1	2	9	2017	0	0	0	0	0	14	52620	1	0	0	0	0	0
MBA-2017.09.26-E1-02	E1	2	9	2017	0	0	0	0	0	4	37689	0	1	0	2267	0	0
MBA-2017.09.26-E1-02	E1	2	9	2017	0	0	0	0	0	0	5682	0	3	0	0	0	0
MBA-2017.09.26-L5-01	L5	1	9	2017	0	0	0	0	0	8	91557	1	0	0	30615	0	0
MBA-2017.09.26-L5-01	L5	1	9	2017	0	0	0	0	0	8375	1226	1553	29	0	20735	0	0
MBA-2017.09.26-L5-01	L5	1	9	2017	0	0	0	0	0	0	8812	0	0	0	2	0	0
MBA-2017.09.26-L5-02	L5	2	9	2017	0	0	0	0	0	0	530	0	0	0	0	0	0
MBA-2017.09.26-L5-02	L5	2	9	2017	0	0	0	0	0	13	73518	1	0	0	0	0	0
MBA-2017.09.26-L5-02	L5	2	9	2017	0	0	0	0	0	4	48798	0	884	0	0	0	0
MBA-2017.10.31-E1-01	E1	1	10	2017	0	0	76811	0	0	991701	111802	7	401	0	3	0	0
MBA-2017.10.31-E1-01	E1	1	10	2017	0	0	31770	0	6	107233	294599	4	2185	0	1	2	0
MBA-2017.10.31-E1-01	E1	1	10	2017	0	0	0	2	2	421692	191858	9	16582	0	4	1	0
MBA-2017.10.31-E1-02	E1	2	10	2017	0	0	0	0	24661	56570	7960	7	22653	0	0	0	0
MBA-2017.10.31-E1-02	E1	2	10	2017	0	0	0	0	0	26546	101408	2	13	0	0	0	0
MBA-2017.10.31-E1-02	E1	2	10	2017	0	0	3797	0	0	1205	26631	0	2	0	0	0	0
MBA-2017.10.31-L5-01	L5	1	10	2017	0	0	0	0	0	5	29152	0	0	0	11003	0	0
MBA-2017.10.31-L5-01	L5	1	10	2017	1344	0	0	0	0	2221	1309	0	1	0	147	0	0
MBA-2017.10.31-L5-01	L5	1	10	2017	0	0	0	0	0	0	0	0	0	0	0	0	0
MBA-2017.10.31-L5-02	L5	2	10	2017	0	0	0	0	0	21	95009	1	0	0	0	0	0
MBA-2017.10.31-L5-02	L5	2	10	2017	0	0	0	0	0	3	31719	0	0	0	0	0	0
MBA-2017.10.31-L5-02	L5	2	10	2017	0	0	0	0	0	34848	15286	40	65913	0	0	0	0
MBA-2017.11.15-L4-01	L4	1	11	2017	0	0	0	0	1119	5	0	0	714	0	0	0	2529
MBA-2017.11.15-L4-01	L4	1	11	2017	0	0	0	0	42975	46	721	0	217	0	0	0	92
MBA-2017.11.15-L4-01	L4	1	11	2017	0	4403	0	0	0	81	0	3	13875	0	15541	0	0
MBA-2017.11.15-L4-02	L4	2	11	2017	0	0	0	0	384909	13	23	87046	1196	0	0	0	516873
MBA-2017.11.15-L4-02	L4	2	11	2017	0	0	0	0	61458	211	0	12	25142	0	31422	0	76310
MBA-2017.11.15-L4-02	L4	2	11	2017	0	0	0	0	128741	14245	0	60	63808	0	0	0	136231
MBA-2017.11.16-E1-01	E1	1	11	2017	0	0	0	0	0	142	0	11	26476	0	0	0	0
MBA-2017.11.16-E1-01	E1	1	11	2017	0	0	0	0	0	0	0	0	2	0	0	0	0
MBA-2017.11.16-E1-01	E1	1	11	2017	0	0	0	0	0	0	0	0	4	0	0	0	0
MBA-2017.11.16-E1-02	E1	2	11	2017	0	0	0	0	0	1	4637	0	0	0	0	0	0
MBA-2017.11.16-E1-02	E1	2	11	2017	0	0	0	0	0	0	0	0	0	0	0	0	0
MBA-2017.11.16-E1-02	E1	2	11	2017	0	0	0	0	0	0	0	0	0	0	0	0	0
MBA-2017.11.16-L5-01	L5	1	11	2017	0	0	0	0	0	0	0	1	0	0	0	0	0
MBA-2017.11.16-L5-01	L5	1	11	2017	0	0	0	0	0	3	21574	0	183	0	0	0	0
MBA-2017.11.16-L5-01	L5	1	11	2017	0	0	0	0	0	0	0	0	0	0	0	0	0
MBA-2017.11.16-L5-02	L5	2	11	2017	0	0	0	0	0	1115	229	6481	114130	0	0	0	0
MBA-2017.11.16-L5-02	L5	2	11	2017	0	0	0	0	29346	2335	64725	28590	75714	0	86291	45243	44663
MBA-2017.11.16-L5-02	L5	2	11	2017	0	0	0	0	0	0	0	0	0	0	0	0	0
MBA-2018.02.06-E1-01	E1	1	2	2018	0	0	0	0	0	0	0	0	0	0	0	0	0
MBA-2018.02.06-E1-01	E1	1	2	2018	0	0	0	0	0	0	0	0	0	0	5	0	0
MBA-2018.02.06-E1-01	E1	1	2	2018	0	0	0	0	0	0	0	0	2	0	65	0	0
MBA-2018.02.06-E1-02	E1	2	2	2018	0	0	0	0	0	0	0	0	0	0	0	0	0
MBA-2018.02.06-E1-02	E1	2	2	2018	0	0	0	0	2	0	0	0	0	0	0	0	0
MBA-2018.02.06-E1-02	E1	2	2	2018	0	0	0	0	0	0	0	0	0	0	0	0	0
MBA-2018.02.06-L5-01	L5	1	2	2018	0	0	0	0	0	0	0	0	0	0	0	0	0
MBA-2018.02.06-L5-01	L5	1	2	2018	0	0	0	0	5	230	748	50	121427	0	43	0	5
MBA-2018.02.06-L5-01	L5	1	2	2018	0	0	0	0	2	0	0	0	2	0	0	0	1
MBA-2018.02.06-L5-02	L5	2	2	2018	0	0	0	0	25	15	127739	128	42	0	3	0	0
MBA-2018.02.06-L5-02	L5	2	2	2018	0	0	0	0	2	353072	0	4	7957	0	3	0	0
MBA-2018.02.06-L5-02	L5	2	2	2018	0	0	0	0	3	12	0	0	11	0	9	0	144552
MBA-2018.03.21-E1-01	E1	1	3	2018	0	0	0	0	0	1182	1	168	380851	0	0	0	0
MBA-2018.03.21-E1-01	E1	1	3	2018	0	0	0	0	0	0	0	0	0	0	0	0	0
MBA-2018.03.21-E1-01	E1	1	3	2018	0	0	0	0	0	0	0	0	0	0	0	0	0
MBA-2018.03.21-E1-02	E1	2	3	2018	0	0	0	0	0	910	1	137	415781	0	177598	0	0
MBA-2018.03.21-E1-02	E1	2	3	2018	0	0	0	0	0	407	0	123	191510	0	56466	0	0
MBA-2018.03.21-E1-02	E1	2	3	2018	0	0	0	0	2	1229	0	195	448830	0	0	0	0
MBA-2018.03.21-L5-01	L5	1	3	2018	0	0	0	0	0	1030	1	170	485061	0	0	0	0
MBA-2018.03.21-L5-01	L5	1	3	2018	0	0	0	0	0	1735	0	262	727847	0	0	0	0
MBA-2018.03.21-L5-01	L5	1	3	2018	0	0	0	0	0	237	0	56	146652	0	313191	0	0
MBA-2018.03.21-L5-02	L5	2	3	2018	0	0	0	0	0	4032	1	639	1352346	0	2427	0	0
MBA-2018.03.21-L5-02	L5	2	3	2018	0	0	0	0	0	2	4125	9213	658	361	0	0	0
MBA-2018.03.21-L5-02	L5	2	3	2018	0	0	0	0	0	0	0	0	101	0	0	0	0
MBA-2018.04.20-E1-01	E1	1	4	2018	0	0	0	0	0	2	0	0	0	0	136	0	0
MBA-2018.04.20-E1-01	E1	1	4	2018	0	0	0	0	0	0	0	0	0	0	3	0	0
MBA-2018.04.20-E1-01	E1	1	4	2018	0	0	0	0	93	644	728	0	347	0	639	0	0
MBA-2018.04.20-E1-02	E1	2	4	2018	0	0	0	0	0	426	355	36	46165	0	0	0	0
MBA-2018.04.20-E1-02	E1	2	4	2018	0	0	0	0	0	0	0	0	2	0	0	0	0
MBA-2018.04.20-E1-02	E1	2	4	2018	0	0	0	0	0	0	0	0	0	0	0	0	0
MBA-2018.04.20-L5-01	L5	1	4	2018	0	0	0	0	0	3	0	0	710	0	0	0	0
MBA-2018.04.20-L5-01	L5	1	4	2018	0	0	0	0	0	1	0	0	0	0	23790	0	0
MBA-2018.04.20-L5-01	L5	1	4	2018	0	0	0	0	0	0	0	0	1	0	0	0	0
MBA-2018.04.20-L5-02	L5	2	4	2018	0	0	0	0	0	0	0	0	1	0	1	0	0
MBA-2018.04.20-L5-02	L5	2	4	2018	0	0	0	0	0	0	0	0	0	0	1	0	0
MBA-2018.04.20-L5-02	L5	2	4	2018	0	0	0	0	0	0	0	0	0	0	3	0	0